[113, 109, 107, 103, 101, 97, 89, 83, 79, 73, 71, 67, 61, 59, 53, 47, 43, 41, 37, 31, 23, 19, 17, 13, 11, 7, 3, 2, 1]
[109, 107, 103, 101, 97, 89, 83, 79, 73, 71, 67, 61, 59, 53, 47, 43, 41, 37, 31, 23, 19, 17, 13, 11, 7, 3, 2, 1]
163845007999
261581881039
11846773891
77336804839
115672432711
165189285379
179565145831
205122231079
243457858951
261028355059
269014944199
116716224559
208759687519
277792284739
184973885407
213124635247
258165834991
293354272291
297576884767
287360376679
300486849919
313613323159
303080514511
325569484327
321046386319
332275056199
336766524151
116986114663
209242415383
278434640923
184711779647
255593848319
277744494779
215545073551
313099260847
306522574063
329266949191
314601343631
118135586371
170264874739
291899880931
300588095659
290854906651
304141008211
317427109771
309037459123
315232663783
325144991239
333818277763
327951493591
341730225883
349149543271
309534376171
332502230947
330910825279
356454558899
337829826127
352023592051
359666389087
362770864303
78362605279
135719504167
168926129839
211189107967
274583575159
286658711767
118264356199
170450466391
292218056839
300915741871
291171943519
304472527159
317773110799
309374315287
315576272827
325499404891
334182145447
328308966379
342102717727
349530122299
137053044739
186804366079
215233692559
260720614927
296257273027
300521671999
266172011551
293560883299
313124363119
296271927319
318165439567
331002599359
342579490039
347210246311
352397865679
354361540807
268573864519
312414137779
318677033959
328697667847
337465722499
315299292199
333989463271
345670820191
350343362959
348654492079
358646978119
365035378879
366145913047
368186196751
373687214839
377138228059
172523279179
217678083247
316197655759
269194904383
313136552203
319413930463
329457735679
338246065243
316028378143
334761767647
346470136087
351153483463
349460707303
359476299583
335300048119
352614131407
364518128159
359986925791
370304200951
372367655983
302580805459
319133581531
338051039899
349874451379
354603815971
341172951919
355507177747
363225607039
366360803791
375422771443
381724527871
387870017503
377396075527
385169090599
35307084999
118782255031
171196896679
293497727191
302233500799
263696149679
288865556807
305645161559
311228752831
334322332567
332722215619
358405774439
172879027843
218126942599
316849665703
269749993111
313782250051
320072572471
330137088343
338943539731
316680039031
335452057399
347184568879
351877573471
350181306751
360217551511
335991447823
353341233319
365269776503
360729230647
371067780367
373135490311
269367760631
297085472219
316883837639
336768381511
354158285983
366114412271
329246381327
369418114199
370541981807
372606761831
378173826959
386081047967
323423491891
357638142811
371285559751
375663839051
379048754263
386855808631
221020192639
314308637407
337630748599
304237118599
320880503791
339901515439
351789647719
356544900631
343040516659
357453207367
365213886979
368366245651
323776029079
358027974559
371690267419
376073319119
379461923947
387277488139
332976389839
346411133503
360965439139
368802372943
364298966359
374739825199
376827996967
384707078071
390454932319
393825160111
397378915159
350345295199
376210315711
389901662399
398297798863
405925792351
